*01
03000300030
00300300300
00030003000
00003330000
33303330333
00003330000
00030003000
00300300300
03000300030
30000300003
*02
30030030000
03030300000
00333909900
33339999990
00399999999
03999999990
30000000000
00000000000
00000000000
00000000000
*03
00000000000
00990000000
09999909900
99999999990
99999999999
09999999990
00000000000
00000000000
00000000000
00000000000
*04
00000000000
00990000000
09999909900
99999999990
99999999999
09999999990
00000000000
00000000000
00000000000
00000000000
*09
00000000000
00990000000
09999909900
99999999990
99999999999
09999999990
00400400400
00400400400
04004004000
04004004000
*10
30030030000
03030300000
00333909900
33339999990
00399999999
03999999990
30400400400
00400400400
04004004000
04004004000
*11
00000000000
00990000000
09999909900
99999999990
99999999999
09999999990
00010007000
00100010000
00010001000
00100000000
*13
00000000000
00990000000
09999909900
99999999990
99999999999
09999999990
00070007000
07000700070
00070007000
07000700070
*50
00000000000
00009990000
09990009990
00000000000
00009990000
09990009990
00000000000
00009990000
09990009990
00000000000
