*01
000000000000000000
003003000000300300
000300300003003000
000030030030030000
030003003300300030
003000300003000300
000300003300003000
000030033330030000
000030033330030000
000300003300003000
003000300003000300
030003003300300030
000030030030030000
000300300003003000
003003000000300300
000000000000000000
*02
300003000030000000
030003000300000000
003003003000000000
000303030000000000
000033399009990000
333333999999999900
009999999999999990
099999999999999990
999999999999999900
099999999999999000
000000000000000000
000000000000000000
000000000000000000
000000000000000000
000000000000000000
000000000000000000
*03
000000000000000000
000000000000000000
000000000000000000
000000000000000000
009900099009990000
099990999999999900
099999999999999990
999999999999999990
999999999999999900
099999999999999000
000000000000000000
000000000000000000
000000000000000000
000000000000000000
000000000000000000
000000000000000000
*04
000000000000000000
000000000000000000
000000000000000000
000000000000000000
009900099009990000
099990999999999900
099999999999999990
999999999999999990
999999999999999900
099999999999999000
000000000000000000
000000000000000000
000000000000000000
000000000000000000
000000000000000000
000000000000000000
*09
000000000000000000
000000000000000000
000000000000000000
000000000000000000
009900099009990000
099990999999999900
099999999999999990
999999999999999990
999999999999999900
099999999999999000
000400400400400000
000400400400400000
004004004004000000
004004004004000000
004004004004000000
000000000000000000
*10
300003000030000000
030003000300000000
003003003000000000
000303030000000000
000033399009990000
333333999999999900
009999999999999990
099999999999999990
999999999999999900
099999999999999000
000400400400400000
000400400400400000
004004004004000000
004004004004000000
004004004004000000
000000000000000000
*11
000000000000000000
000000000000000000
000000000000000000
000000000000000000
009900099009990000
099990999999999900
099999999999999990
999999999999999990
999999999999999900
099999999999999000
000010001000100000
000100010001000000
000010001000100000
000100010001000000
000010001000100000
000000000000000000
*13
000000000000000000
000000000000000000
000000000000000000
000000000000000000
009900099009990000
099990999999999900
099999999999999990
999999999999999990
999999999999999900
099999999999999000
007007007007007000
000000000000000000
070070070070070070
000000000000000000
007007007007007000
000000000000000000
*50
000000000000000000
000000000000000000
000000000000000000
099900099990009990
000099900009990000
000000000000000000
000000000000000000
099900099990009990
000099900009990000
000000000000000000
000000000000000000
099900099990009990
000099900009990000
000000000000000000
000000000000000000
000000000000000000
